255 255 255 255 255 255 255 255 255 255 255 255 255 255 255 255
255 255 255 255 255 255 255 255 255 255 255 255 255 255 255 255
255 255   0   0   0   0   0   0   0   0   0   0   0   0 255 255
255 255   0   0   0   0   0   0   0   0   0   0   0   0 255 255
255 255   0   0   0   0   0   0   0   0   0   0   0   0 255 255
255 255   0   0   0 221 221 221 221 221 221   0   0   0 255 255
255 255   0   0   0 125 100 104 110 115 221   0   0   0 255 255
255 255   0   0   0 195 101 106 113 119 221   0   0   0 255 255
255 255   0   0   0  68  85 108 113 117 221   0   0   0 255 255
255 255   0   0   0 130 221 199 221 221 221   0   0   0 255 255
255 255   0   0   0 221 221 221 221 221 221   0   0   0 255 255
255 255   0   0   0   0   0   0   0   0   0   0   0   0 255 255
255 255   0   0   0   0   0   0   0   0   0   0   0   0 255 255
255 255   0   0   0   0   0   0   0   0   0   0   0   0 255 255
255 255 255 255 255 255 255 255 255 255 255 255 255 255 255 255
255 255 255 255 255 255 255 255 255 255 255 255 255 255 255 255
255 255 255 255 255 255 255 255 255 255 255 255 255 255 255 255
255 255 255 255 255 255 255 255 255 255 255 255 255 255 255 255
255 255   0   0   0   0   0   0   0   0   0   0   0   0 255 255
255 255   0   0   0   0   0   0   0   0   0   0   0   0 255 255
255 255   0   0   0   0   0   0   0   0   0   0   0   0 255 255
255 255   0   0   0 221 221 221 221 221 221   0   0   0 255 255
255 255   0   0   0 124 103 107 112 117 221   0   0   0 255 255
255 255   0   0   0 124 104 109 116 122 221   0   0   0 255 255
255 255   0   0   0  68  85 109 115 120 221   0   0   0 255 255
255 255   0   0   0 129 221 213 221 221 221   0   0   0 255 255
255 255   0   0   0 221 221 221 221 221 221   0   0   0 255 255
255 255   0   0   0   0   0   0   0   0   0   0   0   0 255 255
255 255   0   0   0   0   0   0   0   0   0   0   0   0 255 255
255 255   0   0   0   0   0   0   0   0   0   0   0   0 255 255
255 255 255 255 255 255 255 255 255 255 255 255 255 255 255 255
255 255 255 255 255 255 255 255 255 255 255 255 255 255 255 255
255 255 255 255 255 255 255 255 255 255 255 255 255 255 255 255
255 255 255 255 255 255 255 255 255 255 255 255 255 255 255 255
255 255   0   0   0   0   0   0   0   0   0   0   0   0 255 255
255 255   0   0   0   0   0   0   0   0   0   0   0   0 255 255
255 255   0   0   0   0   0   0   0   0   0   0   0   0 255 255
255 255   0   0   0 221 221 221 221 221 221   0   0   0 255 255
255 255   0   0   0 121  56  61  68  74 221   0   0   0 255 255
255 255   0   0   0  82  58  63  73  81 221   0   0   0 255 255
255 255   0   0   0  65  81  79  73  78 221   0   0   0 255 255
255 255   0   0   0 126 221 214 221 221 221   0   0   0 255 255
255 255   0   0   0 221 221 221 221 221 221   0   0   0 255 255
255 255   0   0   0   0   0   0   0   0   0   0   0   0 255 255
255 255   0   0   0   0   0   0   0   0   0   0   0   0 255 255
255 255   0   0   0   0   0   0   0   0   0   0   0   0 255 255
255 255 255 255 255 255 255 255 255 255 255 255 255 255 255 255
255 255 255 255 255 255 255 255 255 255 255 255 255 255 255 255

255 255 255 255 255 255 255 255 255 255 255 255 255 255 255 255
255 214 153 153 153 153 153 153 153 153 153 153 153 153 214 255
255 153   0   0   0   0   0   0   0   0   0   0   0   0 153 255
255 153   0   0   0   0   0   0   0   0   0   0   0   0 153 255
255 153   0   0   9  44  44  44  44  44  44   9   0   0 153 255
255 153   0   0  44 220 182 185 183 213 221  44   0   0 153 255
255 153   0   0  44 219 112 117 116 196 221  44   0   0 153 255
255 153   0   0  44 219 108 112 109 192 221  44   0   0 153 255
255 153   0   0  44 219 101 105 105 184 221  44   0   0 153 255
255 153   0   0  44 214  93 106 102 189 221  44   0   0 153 255
255 153   0   0  44 217 164 172 136 186 219  44   0   0 153 255
255 153   0   0   9  44  44  44  44  44  44   9   0   0 153 255
255 153   0   0   0   0   0   0   0   0   0   0   0   0 153 255
255 153   0   0   0   0   0   0   0   0   0   0   0   0 153 255
255 214 153 153 153 153 153 153 153 153 153 153 153 153 214 255
255 255 255 255 255 255 255 255 255 255 255 255 255 255 255 255
255 255 255 255 255 255 255 255 255 255 255 255 255 255 255 255
255 214 153 153 153 153 153 153 153 153 153 153 153 153 214 255
255 153   0   0   0   0   0   0   0   0   0   0   0   0 153 255
255 153   0   0   0   0   0   0   0   0   0   0   0   0 153 255
255 153   0   0   9  44  44  44  44  44  44   9   0   0 153 255
255 153   0   0  44 220 183 185 184 213 221  44   0   0 153 255
255 153   0   0  44 219 112 119 117 197 221  44   0   0 153 255
255 153   0   0  44 219 109 113 110 196 221  44   0   0 153 255
255 153   0   0  44 219 103 107 106 197 221  44   0   0 153 255
255 153   0   0  44 214  99 110 104 195 221  44   0   0 153 255
255 153   0   0  44 217 153 151 136 187 219  44   0   0 153 255
255 153   0   0   9  44  44  44  44  44  44   9   0   0 153 255
255 153   0   0   0   0   0   0   0   0   0   0   0   0 153 255
255 153   0   0   0   0   0   0   0   0   0   0   0   0 153 255
255 214 153 153 153 153 153 153 153 153 153 153 153 153 214 255
255 255 255 255 255 255 255 255 255 255 255 255 255 255 255 255
255 255 255 255 255 255 255 255 255 255 255 255 255 255 255 255
255 214 153 153 153 153 153 153 153 153 153 153 153 153 214 255
255 153   0   0   0   0   0   0   0   0   0   0   0   0 153 255
255 153   0   0   0   0   0   0   0   0   0   0   0   0 153 255
255 153   0   0   9  44  44  44  44  44  44   9   0   0 153 255
255 153   0   0  44 220 175 175 176 210 221  44   0   0 153 255
255 153   0   0  44 218  91  92  98 188 221  44   0   0 153 255
255 153   0   0  44 218  84  87  86 187 221  44   0   0 153 255
255 153   0   0  44 218  78  78  80 188 221  44   0   0 153 255
255 153   0   0  44 213  75  82  80 187 221  44   0   0 153 255
255 153   0   0  44 217 140 133 129 177 219  44   0   0 153 255
255 153   0   0   9  44  44  44  44  44  44   9   0   0 153 255
255 153   0   0   0   0   0   0   0   0   0   0   0   0 153 255
255 153   0   0   0   0   0   0   0   0   0   0   0   0 153 255
255 214 153 153 153 153 153 153 153 153 153 153 153 153 214 255
255 255 255 255 255 255 255 255 255 255 255 255 255 255 255 255

255 255 255 255 255 255 255 255 255 255 255 255 255 255 255 255
255 214 153 153 153 153 153 153 153 153 153 153 153 153 214 255
255 153   0   0   0   0   0   0   0   0   0   0   0   0 153 255
255 153   0   0   0   0   0   0   0   0   0   0   0   0 153 255
255 153   0   0   9  44  44  44  44  44  44   9   0   0 153 255
255 153   0   0  44 221 221 221 221 221 219  44   0   0 153 255
255 153   0   0  44 213 196 192 184 189 186  44   0   0 153 255
255 153   0   0  44 183 116 109 105 102 136  44   0   0 153 255
255 153   0   0  44 185 117 112 105 106 172  44   0   0 153 255
255 153   0   0  44 182 112 108 101  93 164  44   0   0 153 255
255 153   0   0  44 220 219 219 219 214 217  44   0   0 153 255
255 153   0   0   9  44  44  44  44  44  44   9   0   0 153 255
255 153   0   0   0   0   0   0   0   0   0   0   0   0 153 255
255 153   0   0   0   0   0   0   0   0   0   0   0   0 153 255
255 214 153 153 153 153 153 153 153 153 153 153 153 153 214 255
255 255 255 255 255 255 255 255 255 255 255 255 255 255 255 255
255 255 255 255 255 255 255 255 255 255 255 255 255 255 255 255
255 214 153 153 153 153 153 153 153 153 153 153 153 153 214 255
255 153   0   0   0   0   0   0   0   0   0   0   0   0 153 255
255 153   0   0   0   0   0   0   0   0   0   0   0   0 153 255
255 153   0   0   9  44  44  44  44  44  44   9   0   0 153 255
255 153   0   0  44 221 221 221 221 221 219  44   0   0 153 255
255 153   0   0  44 213 197 196 197 195 187  44   0   0 153 255
255 153   0   0  44 184 117 110 106 104 136  44   0   0 153 255
255 153   0   0  44 185 119 113 107 110 151  44   0   0 153 255
255 153   0   0  44 183 112 109 103  99 153  44   0   0 153 255
255 153   0   0  44 220 219 219 219 214 217  44   0   0 153 255
255 153   0   0   9  44  44  44  44  44  44   9   0   0 153 255
255 153   0   0   0   0   0   0   0   0   0   0   0   0 153 255
255 153   0   0   0   0   0   0   0   0   0   0   0   0 153 255
255 214 153 153 153 153 153 153 153 153 153 153 153 153 214 255
255 255 255 255 255 255 255 255 255 255 255 255 255 255 255 255
255 255 255 255 255 255 255 255 255 255 255 255 255 255 255 255
255 214 153 153 153 153 153 153 153 153 153 153 153 153 214 255
255 153   0   0   0   0   0   0   0   0   0   0   0   0 153 255
255 153   0   0   0   0   0   0   0   0   0   0   0   0 153 255
255 153   0   0   9  44  44  44  44  44  44   9   0   0 153 255
255 153   0   0  44 221 221 221 221 221 219  44   0   0 153 255
255 153   0   0  44 210 188 187 188 187 177  44   0   0 153 255
255 153   0   0  44 176  98  86  80  80 129  44   0   0 153 255
255 153   0   0  44 175  92  87  78  82 133  44   0   0 153 255
255 153   0   0  44 175  91  84  78  75 140  44   0   0 153 255
255 153   0   0  44 220 218 218 218 213 217  44   0   0 153 255
255 153   0   0   9  44  44  44  44  44  44   9   0   0 153 255
255 153   0   0   0   0   0   0   0   0   0   0   0   0 153 255
255 153   0   0   0   0   0   0   0   0   0   0   0   0 153 255
255 214 153 153 153 153 153 153 153 153 153 153 153 153 214 255
255 255 255 255 255 255 255 255 255 255 255 255 255 255 255 255

255 255 255 255 255 255 255 255 255 255 255 255 255 255 255 255
255 214 153 153 153 153 153 153 153 153 153 153 153 153 214 255
255 153   0   0   0   0   0   0   0   0   0   0   0   0 153 255
255 153   0   0   0   0   0   0   0   0   0   0   0   0 153 255
255 153   0   0   9  44  44  44  44  44  44   9   0   0 153 255
255 153   0   0  44 219 186 136 172 164 217  44   0   0 153 255
255 153   0   0  44 221 189 102 106  93 214  44   0   0 153 255
255 153   0   0  44 221 184 105 105 101 219  44   0   0 153 255
255 153   0   0  44 221 192 109 112 108 219  44   0   0 153 255
255 153   0   0  44 221 196 116 117 112 219  44   0   0 153 255
255 153   0   0  44 221 213 183 185 182 220  44   0   0 153 255
255 153   0   0   9  44  44  44  44  44  44   9   0   0 153 255
255 153   0   0   0   0   0   0   0   0   0   0   0   0 153 255
255 153   0   0   0   0   0   0   0   0   0   0   0   0 153 255
255 214 153 153 153 153 153 153 153 153 153 153 153 153 214 255
255 255 255 255 255 255 255 255 255 255 255 255 255 255 255 255
255 255 255 255 255 255 255 255 255 255 255 255 255 255 255 255
255 214 153 153 153 153 153 153 153 153 153 153 153 153 214 255
255 153   0   0   0   0   0   0   0   0   0   0   0   0 153 255
255 153   0   0   0   0   0   0   0   0   0   0   0   0 153 255
255 153   0   0   9  44  44  44  44  44  44   9   0   0 153 255
255 153   0   0  44 219 187 136 151 153 217  44   0   0 153 255
255 153   0   0  44 221 195 104 110  99 214  44   0   0 153 255
255 153   0   0  44 221 197 106 107 103 219  44   0   0 153 255
255 153   0   0  44 221 196 110 113 109 219  44   0   0 153 255
255 153   0   0  44 221 197 117 119 112 219  44   0   0 153 255
255 153   0   0  44 221 213 184 185 183 220  44   0   0 153 255
255 153   0   0   9  44  44  44  44  44  44   9   0   0 153 255
255 153   0   0   0   0   0   0   0   0   0   0   0   0 153 255
255 153   0   0   0   0   0   0   0   0   0   0   0   0 153 255
255 214 153 153 153 153 153 153 153 153 153 153 153 153 214 255
255 255 255 255 255 255 255 255 255 255 255 255 255 255 255 255
255 255 255 255 255 255 255 255 255 255 255 255 255 255 255 255
255 214 153 153 153 153 153 153 153 153 153 153 153 153 214 255
255 153   0   0   0   0   0   0   0   0   0   0   0   0 153 255
255 153   0   0   0   0   0   0   0   0   0   0   0   0 153 255
255 153   0   0   9  44  44  44  44  44  44   9   0   0 153 255
255 153   0   0  44 219 177 129 133 140 217  44   0   0 153 255
255 153   0   0  44 221 187  80  82  75 213  44   0   0 153 255
255 153   0   0  44 221 188  80  78  78 218  44   0   0 153 255
255 153   0   0  44 221 187  86  87  84 218  44   0   0 153 255
255 153   0   0  44 221 188  98  92  91 218  44   0   0 153 255
255 153   0   0  44 221 210 176 175 175 220  44   0   0 153 255
255 153   0   0   9  44  44  44  44  44  44   9   0   0 153 255
255 153   0   0   0   0   0   0   0   0   0   0   0   0 153 255
255 153   0   0   0   0   0   0   0   0   0   0   0   0 153 255
255 214 153 153 153 153 153 153 153 153 153 153 153 153 214 255
255 255 255 255 255 255 255 255 255 255 255 255 255 255 255 255
